
game.Workspace.GamesVitaliy.HumanoidRootPart.CFrame = CFrame.new(-63.6322746, 68.0510635, 1372.74426, -0.00834493991, 0.595921636, -0.802999258, -1.84916971e-08, 0.803027213, 0.595942378, 0.999965191, 0.00497311819, -0.0067012026)
wait(1)
game.Workspace.GamesVitaliy.HumanoidRootPart.CFrame = CFrame.new(-49.2758369, 68.962204, 2141.70898, -0.0168085303, 0.361249596, -0.932317674, 0.0409585871, 0.931915462, 0.360355318, 0.999019444, -0.0321293697, -0.0304604024)
wait(1)
game.Workspace.GamesVitaliy.HumanoidRootPart.CFrame = CFrame.new(-51.6063004, 71.9031982, 2911.43994, 0.0670142248, -0.913448513, 0.401398718, -9.69761871e-08, 0.40230307, 0.915506542, -0.997752011, -0.0613519996, 0.0269599389)
wait(1)
game.Workspace.GamesVitaliy.HumanoidRootPart.CFrame = CFrame.new(-139.864456, 63.319725, 3682.39917, -0.604120851, 0.230298355, -0.762889683, -0.0148981018, 0.953899205, 0.299757212, 0.796753407, 0.192455187, -0.572839379)
wait(1)
game.Workspace.GamesVitaliy.HumanoidRootPart.CFrame = CFrame.new(-68.4616089, 71.5020599, 4448.9834, 0.043997772, 0.692111492, -0.720448375, 0.0393343046, 0.719387472, 0.693494439, 0.998256981, -0.0588505492, 0.00442772126)
wait(1)
game.Workspace.GamesVitaliy.HumanoidRootPart.CFrame = CFrame.new(-82.6864777, 101.27021, 5219.48828, 0.101228453, -0.758873045, 0.643323004, -0.0138174202, 0.645509839, 0.763626933, -0.994767249, -0.0861898363, 0.0548582934)
wait(1)
game.Workspace.GamesVitaliy.HumanoidRootPart.CFrame = CFrame.new(-48.9294662, 64.8708725, 5991.81299, 0.0887503698, -0.470998138, 0.877658308, 0.0280457474, 0.881967664, 0.47047475, -0.995658994, -0.0171402246, 0.0914844573)
wait(1)
game.Workspace.GamesVitaliy.HumanoidRootPart.CFrame = CFrame.new(-38.8919907, 48.7560844, 7524.09473, 0.245181531, -0.779956639, 0.575806916, 0.021602083, 0.598183274, 0.801068127, -0.969236493, -0.183968484, 0.16351217)
wait(1)
game.Workspace.GamesVitaliy.HumanoidRootPart.CFrame = CFrame.new(-27.1490002, 67.0219803, 8302.22754, -0.202935502, -0.789333045, 0.579457104, 0.0210414063, 0.588118732, 0.808500826, -0.978965998, 0.176266119, -0.102741495)
wait(1)
game.Workspace.GamesVitaliy.HumanoidRootPart.CFrame = CFrame.new(-56.3806801, -303.74411, 9479.05664, 0.0531007461, 0.926384389, -0.372816682, -0.00469403854, 0.373570859, 0.927589774, 0.998578131, -0.0475056954, 0.0241853762)

