game.Workspace.GamesVitaliy.HumanoidRootPart.CFrame = CFrame.new(-11.4531488, 90.943161, 1368.31372, -0.119379774, 0.0448756851, 0.991833985, -0.0366225578, 0.998099148, -0.0495671406, -0.992173016, -0.0422408096, -0.117509387)
wait(0.5)
game.Workspace.GamesVitaliy.HumanoidRootPart.CFrame = CFrame.new(14.9071178, 85.1078491, 2137.63257, -0.0110931676, -0.812416434, 0.58297205, -0.0710559487, 0.58217454, 0.809952974, -0.997410655, -0.0324386917, -0.0641851872)
wait(0.5)
game.Workspace.GamesVitaliy.HumanoidRootPart.CFrame = CFrame.new(-12.745697, 58.5822563, 2909.85376, 0.0520247109, -0.716215968, 0.695936859, -0.0644246265, 0.693021894, 0.718032122, -0.99656558, -0.0821908861, -0.0100876847)
wait(0.5)
game.Workspace.GamesVitaliy.HumanoidRootPart.CFrame = CFrame.new(-51.0408363, 85.7220078, 3680.61768, 0.0285211932, -0.951304793, 0.306929588, -0.0937069282, 0.303157747, 0.948321879, -0.995191216, -0.0558087006, -0.0804974288)
wait(0.5)
game.Workspace.GamesVitaliy.HumanoidRootPart.CFrame = CFrame.new(-32.5498238, 47.3684692, 4449.94482, -0.145284474, -0.975627422, 0.164449394, -0.0741677508, 0.176484734, 0.981505096, -0.986606061, 0.130400613, -0.098000586)
wait(0.5)
game.Workspace.GamesVitaliy.HumanoidRootPart.CFrame = CFrame.new(-66.4278641, 96.0029221, 5222.125, -0.0375954285, -0.930486262, 0.364392579, -0.0834636837, 0.366300106, 0.926745951, -0.995801389, 0.00442786375, -0.0914330184)
wait(0.5)
game.Workspace.GamesVitaliy.HumanoidRootPart.CFrame = CFrame.new(-22.0866108, 20.4489422, 5988.33887, -0.80164814, -0.255919546, 0.540245712, -0.0531575903, 0.930666208, 0.361987114, -0.59542799, 0.261468142, -0.759670913)
wait(0.5)
game.Workspace.GamesVitaliy.HumanoidRootPart.CFrame = CFrame.new(-12.8419027, 52.1732788, 6756.53369, 0.0984315947, -0.788625479, 0.606944084, -0.103642024, 0.598465145, 0.794416666, -0.989732087, -0.141100615, -0.0228268635)
wait(0.5)
game.Workspace.GamesVitaliy.HumanoidRootPart.CFrame = CFrame.new(-18.2504768, 66.3476028, 7529.02197, 0.0328346454, -0.8159253, 0.577224195, -0.0744792148, 0.57393235, 0.815508783, -0.996681869, -0.0697681457, -0.0419246145)
wait(0.5)
game.Workspace.GamesVitaliy.HumanoidRootPart.CFrame = CFrame.new(-13.8016539, 74.6661224, 8299.74902, 0.106448576, -0.947104394, 0.302757323, -0.0812976211, 0.295177698, 0.951977313, -0.990989089, -0.125950083, -0.0455760881)
wait(0.5)
game.Workspace.GamesVitaliy.HumanoidRootPart.CFrame = CFrame.new(-54.0697594, -362.922668, 9507.12598, 0.73765862, 0.675171196, -0.001914041, 0.00114476087, -0.00408558082, -0.999991, -0.675172925, 0.737649798, -0.0037866733)
