game.Players.LocalPlayer.Character.HumanoidRootPart.CFrame = CFrame.new(-181.46701, 8.69529533, 153.486374, 0.308870286, -0.0658756196, 0.948820114, -0.0651468188, 0.993790209, 0.0902051404, -0.94887054, -0.0896743014, 0.302660644)
wait(1)
game.Players.LocalPlayer.Character.HumanoidRootPart.CFrame = CFrame.new(-211.780731, 5.49422169, 480.057678, 0.308870286, -0.0658756196, 0.948820114, -0.0651468188, 0.993790209, 0.0902051404, -0.94887054, -0.0896743014, 0.302660644)
wait(1)
game.Players.LocalPlayer.Character.HumanoidRootPart.CFrame = CFrame.new(-618.305908, 20.2556973, 484.390686, 0.308870286, -0.0658756196, 0.948820114, -0.0651468188, 0.993790209, 0.0902051404, -0.94887054, -0.0896743014, 0.302660644)
wait(1)
game.Players.LocalPlayer.Character.HumanoidRootPart.CFrame = CFrame.new(-1012.58209, 7.96520901, 100.148811, 0.308870286, -0.0658756196, 0.948820114, -0.0651468188, 0.993790209, 0.0902051404, -0.94887054, -0.0896743014, 0.302660644)
wait(1)
game.Players.LocalPlayer.Character.HumanoidRootPart.CFrame = CFrame.new(-903.12207, 23.3335724, 92.1958542, 0.308870286, -0.0658756196, 0.948820114, -0.0651468188, 0.993790209, 0.0902051404, -0.94887054, -0.0896743014, 0.302660644)
wait(1)
game.Players.LocalPlayer.Character.HumanoidRootPart.CFrame = CFrame.new(-458.814117, 22.1040897, 92.3783875, 0.308870286, -0.0658756196, 0.948820114, -0.0651468188, 0.993790209, 0.0902051404, -0.94887054, -0.0896743014, 0.302660644)
wait(1)
game.Players.LocalPlayer.Character.HumanoidRootPart.CFrame = CFrame.new(-171.01123, 7.75752974, 57.2579575, 0.308870286, -0.0658756196, 0.948820114, -0.0651468188, 0.993790209, 0.0902051404, -0.94887054, -0.0896743014, 0.302660644)
wait(1)
game.Players.LocalPlayer.Character.HumanoidRootPart.CFrame = CFrame.new(-177.498886, 12.6576166, -101.324097, 0.308870286, -0.0658756196, 0.948820114, -0.0651468188, 0.993790209, 0.0902051404, -0.94887054, -0.0896743014, 0.302660644)
wait(1)
game.Players.LocalPlayer.Character.HumanoidRootPart.CFrame = CFrame.new(-143.391937, 5.89223051, -295.959595, 0.308870286, -0.0658756196, 0.948820114, -0.0651468188, 0.993790209, 0.0902051404, -0.94887054, -0.0896743014, 0.302660644)
wait(1)
game.Players.LocalPlayer.Character.HumanoidRootPart.CFrame = CFrame.new(76.230957, 31.9557629, -303.480682, 0.308870286, -0.0658756196, 0.948820114, -0.0651468188, 0.993790209, 0.0902051404, -0.94887054, -0.0896743014, 0.302660644)
wait(1)
game.Players.LocalPlayer.Character.HumanoidRootPart.CFrame = CFrame.new(619.036865, 5.87300158, -276.839661, 0.308870286, -0.0658756196, 0.948820114, -0.0651468188, 0.993790209, 0.0902051404, -0.94887054, -0.0896743014, 0.302660644)
wait(1)
game.Players.LocalPlayer.Character.HumanoidRootPart.CFrame = CFrame.new(618.366333, 12.4744596, -120.186211, 0.308870286, -0.0658756196, 0.948820114, -0.0651468188, 0.993790209, 0.0902051404, -0.94887054, -0.0896743014, 0.302660644)
wait(1)
game.Players.LocalPlayer.Character.HumanoidRootPart.CFrame = CFrame.new(586.536499, 3.74522829, 105.086258, 0.308870286, -0.0658756196, 0.948820114, -0.0651468188, 0.993790209, 0.0902051404, -0.94887054, -0.0896743014, 0.302660644)
wait(1)
game.Players.LocalPlayer.Character.HumanoidRootPart.CFrame = CFrame.new(257.615997, 20.7313042, 118.458054, 0.308870286, -0.0658756196, 0.948820114, -0.0651468188, 0.993790209, 0.0902051404, -0.94887054, -0.0896743014, 0.302660644)
wait(1)
game.Players.LocalPlayer.Character.HumanoidRootPart.CFrame = CFrame.new(220.451263, 1.77336907, 112.080566, 0.308870286, -0.0658756196, 0.948820114, -0.0651468188, 0.993790209, 0.0902051404, -0.94887054, -0.0896743014, 0.302660644)
wait(0.2)
game.Players.LocalPlayer.Character.HumanoidRootPart.CFrame = CFrame.new(-181.46701, 8.69529533, 153.486374, 0.308870286, -0.0658756196, 0.948820114, -0.0651468188, 0.993790209, 0.0902051404, -0.94887054, -0.0896743014, 0.302660644)
wait(1)
game.Players.LocalPlayer.Character.HumanoidRootPart.CFrame = CFrame.new(-211.780731, 5.49422169, 480.057678, 0.308870286, -0.0658756196, 0.948820114, -0.0651468188, 0.993790209, 0.0902051404, -0.94887054, -0.0896743014, 0.302660644)
wait(1)
game.Players.LocalPlayer.Character.HumanoidRootPart.CFrame = CFrame.new(-618.305908, 20.2556973, 484.390686, 0.308870286, -0.0658756196, 0.948820114, -0.0651468188, 0.993790209, 0.0902051404, -0.94887054, -0.0896743014, 0.302660644)
wait(1)
game.Players.LocalPlayer.Character.HumanoidRootPart.CFrame = CFrame.new(-1012.58209, 7.96520901, 100.148811, 0.308870286, -0.0658756196, 0.948820114, -0.0651468188, 0.993790209, 0.0902051404, -0.94887054, -0.0896743014, 0.302660644)
wait(1)
game.Players.LocalPlayer.Character.HumanoidRootPart.CFrame = CFrame.new(-903.12207, 23.3335724, 92.1958542, 0.308870286, -0.0658756196, 0.948820114, -0.0651468188, 0.993790209, 0.0902051404, -0.94887054, -0.0896743014, 0.302660644)
wait(1)
game.Players.LocalPlayer.Character.HumanoidRootPart.CFrame = CFrame.new(-458.814117, 22.1040897, 92.3783875, 0.308870286, -0.0658756196, 0.948820114, -0.0651468188, 0.993790209, 0.0902051404, -0.94887054, -0.0896743014, 0.302660644)
wait(1)
game.Players.LocalPlayer.Character.HumanoidRootPart.CFrame = CFrame.new(-171.01123, 7.75752974, 57.2579575, 0.308870286, -0.0658756196, 0.948820114, -0.0651468188, 0.993790209, 0.0902051404, -0.94887054, -0.0896743014, 0.302660644)
wait(1)
game.Players.LocalPlayer.Character.HumanoidRootPart.CFrame = CFrame.new(-177.498886, 12.6576166, -101.324097, 0.308870286, -0.0658756196, 0.948820114, -0.0651468188, 0.993790209, 0.0902051404, -0.94887054, -0.0896743014, 0.302660644)
wait(1)
game.Players.LocalPlayer.Character.HumanoidRootPart.CFrame = CFrame.new(-143.391937, 5.89223051, -295.959595, 0.308870286, -0.0658756196, 0.948820114, -0.0651468188, 0.993790209, 0.0902051404, -0.94887054, -0.0896743014, 0.302660644)
wait(1)
game.Players.LocalPlayer.Character.HumanoidRootPart.CFrame = CFrame.new(76.230957, 31.9557629, -303.480682, 0.308870286, -0.0658756196, 0.948820114, -0.0651468188, 0.993790209, 0.0902051404, -0.94887054, -0.0896743014, 0.302660644)
wait(1)
game.Players.LocalPlayer.Character.HumanoidRootPart.CFrame = CFrame.new(619.036865, 5.87300158, -276.839661, 0.308870286, -0.0658756196, 0.948820114, -0.0651468188, 0.993790209, 0.0902051404, -0.94887054, -0.0896743014, 0.302660644)
wait(1)
game.Players.LocalPlayer.Character.HumanoidRootPart.CFrame = CFrame.new(618.366333, 12.4744596, -120.186211, 0.308870286, -0.0658756196, 0.948820114, -0.0651468188, 0.993790209, 0.0902051404, -0.94887054, -0.0896743014, 0.302660644)
wait(1)
game.Players.LocalPlayer.Character.HumanoidRootPart.CFrame = CFrame.new(586.536499, 3.74522829, 105.086258, 0.308870286, -0.0658756196, 0.948820114, -0.0651468188, 0.993790209, 0.0902051404, -0.94887054, -0.0896743014, 0.302660644)
wait(1)
game.Players.LocalPlayer.Character.HumanoidRootPart.CFrame = CFrame.new(257.615997, 20.7313042, 118.458054, 0.308870286, -0.0658756196, 0.948820114, -0.0651468188, 0.993790209, 0.0902051404, -0.94887054, -0.0896743014, 0.302660644)
wait(1)
game.Players.LocalPlayer.Character.HumanoidRootPart.CFrame = CFrame.new(220.451263, 1.77336907, 112.080566, 0.308870286, -0.0658756196, 0.948820114, -0.0651468188, 0.993790209, 0.0902051404, -0.94887054, -0.0896743014, 0.302660644)
wait(0.2)
game.Players.LocalPlayer.Character.HumanoidRootPart.CFrame = CFrame.new(-181.46701, 8.69529533, 153.486374, 0.308870286, -0.0658756196, 0.948820114, -0.0651468188, 0.993790209, 0.0902051404, -0.94887054, -0.0896743014, 0.302660644)
wait(1)
game.Players.LocalPlayer.Character.HumanoidRootPart.CFrame = CFrame.new(-211.780731, 5.49422169, 480.057678, 0.308870286, -0.0658756196, 0.948820114, -0.0651468188, 0.993790209, 0.0902051404, -0.94887054, -0.0896743014, 0.302660644)
wait(1)
game.Players.LocalPlayer.Character.HumanoidRootPart.CFrame = CFrame.new(-618.305908, 20.2556973, 484.390686, 0.308870286, -0.0658756196, 0.948820114, -0.0651468188, 0.993790209, 0.0902051404, -0.94887054, -0.0896743014, 0.302660644)
wait(1)
game.Players.LocalPlayer.Character.HumanoidRootPart.CFrame = CFrame.new(-1012.58209, 7.96520901, 100.148811, 0.308870286, -0.0658756196, 0.948820114, -0.0651468188, 0.993790209, 0.0902051404, -0.94887054, -0.0896743014, 0.302660644)
wait(1)
game.Players.LocalPlayer.Character.HumanoidRootPart.CFrame = CFrame.new(-903.12207, 23.3335724, 92.1958542, 0.308870286, -0.0658756196, 0.948820114, -0.0651468188, 0.993790209, 0.0902051404, -0.94887054, -0.0896743014, 0.302660644)
wait(1)
game.Players.LocalPlayer.Character.HumanoidRootPart.CFrame = CFrame.new(-458.814117, 22.1040897, 92.3783875, 0.308870286, -0.0658756196, 0.948820114, -0.0651468188, 0.993790209, 0.0902051404, -0.94887054, -0.0896743014, 0.302660644)
wait(1)
game.Players.LocalPlayer.Character.HumanoidRootPart.CFrame = CFrame.new(-171.01123, 7.75752974, 57.2579575, 0.308870286, -0.0658756196, 0.948820114, -0.0651468188, 0.993790209, 0.0902051404, -0.94887054, -0.0896743014, 0.302660644)
wait(1)
game.Players.LocalPlayer.Character.HumanoidRootPart.CFrame = CFrame.new(-177.498886, 12.6576166, -101.324097, 0.308870286, -0.0658756196, 0.948820114, -0.0651468188, 0.993790209, 0.0902051404, -0.94887054, -0.0896743014, 0.302660644)
wait(1)
game.Players.LocalPlayer.Character.HumanoidRootPart.CFrame = CFrame.new(-143.391937, 5.89223051, -295.959595, 0.308870286, -0.0658756196, 0.948820114, -0.0651468188, 0.993790209, 0.0902051404, -0.94887054, -0.0896743014, 0.302660644)
wait(1)
game.Players.LocalPlayer.Character.HumanoidRootPart.CFrame = CFrame.new(76.230957, 31.9557629, -303.480682, 0.308870286, -0.0658756196, 0.948820114, -0.0651468188, 0.993790209, 0.0902051404, -0.94887054, -0.0896743014, 0.302660644)
wait(1)
game.Players.LocalPlayer.Character.HumanoidRootPart.CFrame = CFrame.new(619.036865, 5.87300158, -276.839661, 0.308870286, -0.0658756196, 0.948820114, -0.0651468188, 0.993790209, 0.0902051404, -0.94887054, -0.0896743014, 0.302660644)
wait(1)
game.Players.LocalPlayer.Character.HumanoidRootPart.CFrame = CFrame.new(618.366333, 12.4744596, -120.186211, 0.308870286, -0.0658756196, 0.948820114, -0.0651468188, 0.993790209, 0.0902051404, -0.94887054, -0.0896743014, 0.302660644)
wait(1)
game.Players.LocalPlayer.Character.HumanoidRootPart.CFrame = CFrame.new(586.536499, 3.74522829, 105.086258, 0.308870286, -0.0658756196, 0.948820114, -0.0651468188, 0.993790209, 0.0902051404, -0.94887054, -0.0896743014, 0.302660644)
wait(1)
game.Players.LocalPlayer.Character.HumanoidRootPart.CFrame = CFrame.new(257.615997, 20.7313042, 118.458054, 0.308870286, -0.0658756196, 0.948820114, -0.0651468188, 0.993790209, 0.0902051404, -0.94887054, -0.0896743014, 0.302660644)
wait(1)
game.Players.LocalPlayer.Character.HumanoidRootPart.CFrame = CFrame.new(220.451263, 1.77336907, 112.080566, 0.308870286, -0.0658756196, 0.948820114, -0.0651468188, 0.993790209, 0.0902051404, -0.94887054, -0.0896743014, 0.302660644)
wait(0.2)
game.Players.LocalPlayer.Character.HumanoidRootPart.CFrame = CFrame.new(-181.46701, 8.69529533, 153.486374, 0.308870286, -0.0658756196, 0.948820114, -0.0651468188, 0.993790209, 0.0902051404, -0.94887054, -0.0896743014, 0.302660644)
wait(1)
game.Players.LocalPlayer.Character.HumanoidRootPart.CFrame = CFrame.new(-211.780731, 5.49422169, 480.057678, 0.308870286, -0.0658756196, 0.948820114, -0.0651468188, 0.993790209, 0.0902051404, -0.94887054, -0.0896743014, 0.302660644)
wait(1)
game.Players.LocalPlayer.Character.HumanoidRootPart.CFrame = CFrame.new(-618.305908, 20.2556973, 484.390686, 0.308870286, -0.0658756196, 0.948820114, -0.0651468188, 0.993790209, 0.0902051404, -0.94887054, -0.0896743014, 0.302660644)
wait(1)
game.Players.LocalPlayer.Character.HumanoidRootPart.CFrame = CFrame.new(-1012.58209, 7.96520901, 100.148811, 0.308870286, -0.0658756196, 0.948820114, -0.0651468188, 0.993790209, 0.0902051404, -0.94887054, -0.0896743014, 0.302660644)
wait(1)
game.Players.LocalPlayer.Character.HumanoidRootPart.CFrame = CFrame.new(-903.12207, 23.3335724, 92.1958542, 0.308870286, -0.0658756196, 0.948820114, -0.0651468188, 0.993790209, 0.0902051404, -0.94887054, -0.0896743014, 0.302660644)
wait(1)
game.Players.LocalPlayer.Character.HumanoidRootPart.CFrame = CFrame.new(-458.814117, 22.1040897, 92.3783875, 0.308870286, -0.0658756196, 0.948820114, -0.0651468188, 0.993790209, 0.0902051404, -0.94887054, -0.0896743014, 0.302660644)
wait(1)
game.Players.LocalPlayer.Character.HumanoidRootPart.CFrame = CFrame.new(-171.01123, 7.75752974, 57.2579575, 0.308870286, -0.0658756196, 0.948820114, -0.0651468188, 0.993790209, 0.0902051404, -0.94887054, -0.0896743014, 0.302660644)
wait(1)
game.Players.LocalPlayer.Character.HumanoidRootPart.CFrame = CFrame.new(-177.498886, 12.6576166, -101.324097, 0.308870286, -0.0658756196, 0.948820114, -0.0651468188, 0.993790209, 0.0902051404, -0.94887054, -0.0896743014, 0.302660644)
wait(1)
game.Players.LocalPlayer.Character.HumanoidRootPart.CFrame = CFrame.new(-143.391937, 5.89223051, -295.959595, 0.308870286, -0.0658756196, 0.948820114, -0.0651468188, 0.993790209, 0.0902051404, -0.94887054, -0.0896743014, 0.302660644)
wait(1)
game.Players.LocalPlayer.Character.HumanoidRootPart.CFrame = CFrame.new(76.230957, 31.9557629, -303.480682, 0.308870286, -0.0658756196, 0.948820114, -0.0651468188, 0.993790209, 0.0902051404, -0.94887054, -0.0896743014, 0.302660644)
wait(1)
game.Players.LocalPlayer.Character.HumanoidRootPart.CFrame = CFrame.new(619.036865, 5.87300158, -276.839661, 0.308870286, -0.0658756196, 0.948820114, -0.0651468188, 0.993790209, 0.0902051404, -0.94887054, -0.0896743014, 0.302660644)
wait(1)
game.Players.LocalPlayer.Character.HumanoidRootPart.CFrame = CFrame.new(618.366333, 12.4744596, -120.186211, 0.308870286, -0.0658756196, 0.948820114, -0.0651468188, 0.993790209, 0.0902051404, -0.94887054, -0.0896743014, 0.302660644)
wait(1)
game.Players.LocalPlayer.Character.HumanoidRootPart.CFrame = CFrame.new(586.536499, 3.74522829, 105.086258, 0.308870286, -0.0658756196, 0.948820114, -0.0651468188, 0.993790209, 0.0902051404, -0.94887054, -0.0896743014, 0.302660644)
wait(1)
game.Players.LocalPlayer.Character.HumanoidRootPart.CFrame = CFrame.new(257.615997, 20.7313042, 118.458054, 0.308870286, -0.0658756196, 0.948820114, -0.0651468188, 0.993790209, 0.0902051404, -0.94887054, -0.0896743014, 0.302660644)
wait(1)
game.Players.LocalPlayer.Character.HumanoidRootPart.CFrame = CFrame.new(220.451263, 1.77336907, 112.080566, 0.308870286, -0.0658756196, 0.948820114, -0.0651468188, 0.993790209, 0.0902051404, -0.94887054, -0.0896743014, 0.302660644)
