local p = Instance.new("\83\99\114\101\101\110\71\117\105") p.Parent = game.Players.LocalPlayer.PlayerGui local m = Instance.new("\70\114\97\109\101") m.Position = UDim2.new(0.386, 0, 0.091, 0) m.Size = UDim2.new(0, 300, 0, 200) m.Parent = p local j = Instance.new("\85\73\67\111\114\110\101\114") j.Parent = m local f = Instance.new("\84\101\120\116\76\97\98\101\108") f.Position = UDim2.new(0, 0, 0, 0) f.Size = UDim2.new(0, 300, 0, 30) f.TextScaled = true f.Text = "\80\105\103\103\121\32\40\89\111\117\84\117\98\101\58\32\64\73\67\114\97\102\116\80\101\41\58" f.Parent = m local k = Instance.new("\85\73\67\111\114\110\101\114") k.Parent = f local s = Instance.new("\84\101\120\116\66\111\120") s.Position = UDim2.new(0.3, 0, 0.225, 0) s.Size = UDim2.new(0, 120, 0, 30) s.BorderSizePixel = 1 s.TextScaled = true s.PlaceholderText = "\83\116\101\112\115\32\40\49\32\45\32\54\44\32\54\32\45\32\82\101\109\111\118\101\32\71\85\73\41" s.Parent = m local o = Instance.new("\84\101\120\116\66\117\116\116\111\110") o.Position = UDim2.new(0.3, 0, 0.575, 0) o.Size = UDim2.new(0, 120, 0, 30) o.TextScaled = true o.Text = "\67\79\78\70\73\82\77" o.BackgroundColor = BrickColor.new(0, 255, 48) o.Parent = m local h = Instance.new("\85\73\67\111\114\110\101\114") h.Parent = o o.MouseButton1Click:Connect(function() if s.Text == "\49" then for i,v in pairs(workspace:GetDescendants()) do if v.Name == "\77\111\112" then game.Players.LocalPlayer.Character.HumanoidRootPart.CFrame = v.CFrame end end else if s.Text == "\50" then game.Players.LocalPlayer.Character.HumanoidRootPart.CFrame = CFrame.new(4.35028887, 167.44809, -1999.73315, 0.633289933, -4.9533174e-08, 0.773914635, 2.09275441e-09, 1, 6.22909155e-08, -0.773914635, -3.78285989e-08, 0.633289933) else if s.Text == "\51" then game.Players.LocalPlayer.Character.HumanoidRootPart.CFrame = CFrame.new(-13.592907, 167.548065, -1828.15442, -0.0305254012, 3.13879589e-08, 0.999534011, 7.34583665e-08, 1, -2.91591995e-08, -0.999534011, 7.25340357e-08, -0.0305254012) else if s.Text == "\52" then game.Players.LocalPlayer.Character.HumanoidRootPart.CFrame = CFrame.new(100.012497, 167.548035, -1917.93933, -0.270678908, -3.93161415e-09, -0.962669671, 5.01769515e-09, 1, -5.4949254e-09, 0.962669671, -6.31774322e-09, -0.270678908) else if s.Text == "\53" then game.Players.LocalPlayer.Character.HumanoidRootPart.CFrame = CFrame.new(103.120323, 167.54805, -1998.94507, 0.986175656, -1.31008777e-08, -0.165703297, 6.40331965e-09, 1, -4.09531964e-08, 0.165703297, 3.93259931e-08, 0.986175656) else if s.Text == "\54" then p:Remove() end end end end end end end)
