game.Players.LocalPlayer.Character.HumanoidRootPart.CFrame = CFrame.new(-6.46083212, 30.6223869, -115.098618, 0.99999851, -0.000193493324, -0.00171783473, -2.42612678e-05, 0.992047369, -0.125865296, 0.00172852736, 0.125865147, 0.992045879)
wait(1)
game.Players.LocalPlayer.Character.HumanoidRootPart.CFrame = CFrame.new(-3.73729396, 70.1645355, -197.689346, -0.935455322, 0.116984911, -0.333523452, 1.17258921e-07, 0.943636179, 0.330984473, 0.353444993, 0.309621155, -0.88272953)
wait(1)
game.Players.LocalPlayer.Character.HumanoidRootPart.CFrame = CFrame.new(154.661957, 49.3084602, -55.8047829, -0.975575089, -0.0408843346, 0.215828046, 5.46287851e-08, 0.982526958, 0.18612045, -0.219666287, 0.181574479, -0.958528757)
wait(1)
game.Players.LocalPlayer.Character.HumanoidRootPart.CFrame = CFrame.new(-161.318954, 40.179348, -147.986588, 0.671461105, 3.51544993e-09, 0.741039813, 1.17675236e-09, 1, -5.81020521e-09, -0.741039813, 4.77334705e-09, 0.671461105)
wait(1)
game.Players.LocalPlayer.Character.HumanoidRootPart.CFrame = CFrame.new(-343.027405, 3.57870746, 355.442047, 0.445227563, -3.82789871e-08, 0.895417452, 4.6915531e-08, 1, 1.94221137e-08, -0.895417452, 3.33617258e-08, 0.445227563)
wait(1)
game.Players.LocalPlayer.Character.HumanoidRootPart.CFrame = CFrame.new(95.7241135, 168.182938, -152.511826, -0.397039831, -1.48415493e-08, 0.91780138, -7.93273358e-09, 1, 1.2739072e-08, -0.91780138, -2.22275442e-09, -0.397039831)
game:GetService("TeleportService"):Teleport(9377039667)
