local k = Instance.new("\83\99\114\101\101\110\71\117\105") k.Parent = game.Players.LocalPlayer.PlayerGui local q = Instance.new("\70\114\97\109\101") q.Position = UDim2.new(0.386, 0, 0.091, 0) q.Size = UDim2.new(0, 300, 0, 200) q.Parent = k local l = Instance.new("\85\73\67\111\114\110\101\114") l.Parent = q local d = Instance.new("\84\101\120\116\76\97\98\101\108") d.Position = UDim2.new(0, 0, 0, 0) d.Size = UDim2.new(0, 300, 0, 30) d.TextScaled = true d.Text = "\83\104\97\114\107\66\105\116\101\32\67\108\97\115\115\105\99\32\40\89\111\117\84\117\98\101\58\32\64\73\67\114\97\102\116\80\101\41\58" d.Parent = q local e = Instance.new("\85\73\67\111\114\110\101\114") e.Parent = d local g = Instance.new("\84\101\120\116\66\111\120") g.Position = UDim2.new(0.3, 0, 0.225, 0) g.Size = UDim2.new(0, 120, 0, 30) g.BorderSizePixel = 1 g.TextScaled = true g.PlaceholderText = "\83\116\101\112\115\32\40\119\97\116\99\104\32\109\121\32\118\105\100\101\111\41" g.Parent = q local p = Instance.new("\84\101\120\116\66\117\116\116\111\110") p.Position = UDim2.new(0.3, 0, 0.575, 0) p.Size = UDim2.new(0, 120, 0, 30) p.TextScaled = true p.Text = "\67\79\78\70\73\82\77" p.BackgroundColor = BrickColor.new(0, 255, 48) p.Parent = q local i = Instance.new("\85\73\67\111\114\110\101\114") i.Parent = p p.MouseButton1Click:Connect(function() if game.PlaceId == 734159876 then if g.Text == "\49" then game.Players.LocalPlayer.Character.HumanoidRootPart.CFrame = CFrame.new(1.26054776, 285.926849, 90.8647614, -0.974801302, -1.12657716e-07, -0.223074898, -1.06446272e-07, 1, -3.9868894e-08, 0.223074898, -1.51187578e-08, -0.974801302) wait(1.5) workspace:WaitForChild("\69\118\101\110\116\115"):WaitForChild("\70\111\108\100\101\114"):WaitForChild("\65\114\116\82\101\109\111\116\101"):FireServer() else if g.Text == "\50" then game.Players.LocalPlayer.Character.HumanoidRootPart.CFrame = CFrame.new(-316.01474, 72.0427017, -1180.19214, -0.825892329, 0.255467713, -0.502631187, -0.00385281793, 0.888884246, 0.458115667, 0.5638147, 0.380290747, -0.733138382) wait(1.5) local ed = { [1] = "\70\76\66\117\111\121", [2] = Vector3.new(-315, 66.93067932128906, -1176.9998779296875) } workspace:WaitForChild("\69\118\101\110\116\115"):WaitForChild("\70\111\108\100\101\114"):WaitForChild("\67\50\65\84\84\65\67\72"):FireServer(unpack(ed)) local ed = { [1] = "\82\82\66\117\111\121", [2] = Vector3.new(-369, 85.93067932128906, -1333.9998779296875) } workspace:WaitForChild("\69\118\101\110\116\115"):WaitForChild("\70\111\108\100\101\114"):WaitForChild("\67\50\65\84\84\65\67\72"):FireServer(unpack(ed)) local ed = { [1] = "\70\82\66\117\111\121", [2] = Vector3.new(-358, 66.93067932128906, -1176.9998779296875) } workspace:WaitForChild("\69\118\101\110\116\115"):WaitForChild("\70\111\108\100\101\114"):WaitForChild("\67\50\65\84\84\65\67\72"):FireServer(unpack(ed)) local ed = { [1] = "\82\76\66\117\111\121", [2] = Vector3.new(-304, 84.93067932128906, -1324.9998779296875) } workspace:WaitForChild("\69\118\101\110\116\115"):WaitForChild("\70\111\108\100\101\114"):WaitForChild("\67\50\65\84\84\65\67\72"):FireServer(unpack(ed)) local ed = { [1] = "\70\76\66\117\111\121", [2] = Vector3.new(-315, 66.93067932128906, -1176.9998779296875) } workspace:WaitForChild("\69\118\101\110\116\115"):WaitForChild("\70\111\108\100\101\114"):WaitForChild("\67\50\65\84\84\65\67\72"):FireServer(unpack(ed)) local ed = { [1] = "\82\82\66\117\111\121", [2] = Vector3.new(-369, 85.93067932128906, -1333.9998779296875) } workspace:WaitForChild("\69\118\101\110\116\115"):WaitForChild("\70\111\108\100\101\114"):WaitForChild("\67\50\65\84\84\65\67\72"):FireServer(unpack(ed)) local ed = { [1] = "\70\82\66\117\111\121", [2] = Vector3.new(-358, 66.93067932128906, -1176.9998779296875) } workspace:WaitForChild("\69\118\101\110\116\115"):WaitForChild("\70\111\108\100\101\114"):WaitForChild("\67\50\65\84\84\65\67\72"):FireServer(unpack(ed)) local ed = { [1] = "\82\76\66\117\111\121", [2] = Vector3.new(-304, 84.93067932128906, -1324.9998779296875) } workspace:WaitForChild("\69\118\101\110\116\115"):WaitForChild("\70\111\108\100\101\114"):WaitForChild("\67\50\65\84\84\65\67\72"):FireServer(unpack(ed)) local ed = { [1] = "\70\76\66\117\111\121", [2] = Vector3.new(-315, 66.93067932128906, -1176.9998779296875) } workspace:WaitForChild("\69\118\101\110\116\115"):WaitForChild("\70\111\108\100\101\114"):WaitForChild("\67\50\65\84\84\65\67\72"):FireServer(unpack(ed)) local ed = { [1] = "\82\82\66\117\111\121", [2] = Vector3.new(-369, 85.93067932128906, -1333.9998779296875) } workspace:WaitForChild("\69\118\101\110\116\115"):WaitForChild("\70\111\108\100\101\114"):WaitForChild("\67\50\65\84\84\65\67\72"):FireServer(unpack(ed)) local ed = { [1] = "\70\82\66\117\111\121", [2] = Vector3.new(-358, 66.93067932128906, -1176.9998779296875) } workspace:WaitForChild("\69\118\101\110\116\115"):WaitForChild("\70\111\108\100\101\114"):WaitForChild("\67\50\65\84\84\65\67\72"):FireServer(unpack(ed)) local ed = { [1] = "\82\76\66\117\111\121", [2] = Vector3.new(-304, 84.93067932128906, -1324.9998779296875) } workspace:WaitForChild("\69\118\101\110\116\115"):WaitForChild("\70\111\108\100\101\114"):WaitForChild("\67\50\65\84\84\65\67\72"):FireServer(unpack(ed)) local ed = { [1] = "\70\76\66\117\111\121", [2] = Vector3.new(-315, 66.93067932128906, -1176.9998779296875) } workspace:WaitForChild("\69\118\101\110\116\115"):WaitForChild("\70\111\108\100\101\114"):WaitForChild("\67\50\65\84\84\65\67\72"):FireServer(unpack(ed)) local ed = { [1] = "\82\82\66\117\111\121", [2] = Vector3.new(-369, 85.93067932128906, -1333.9998779296875) } workspace:WaitForChild("\69\118\101\110\116\115"):WaitForChild("\70\111\108\100\101\114"):WaitForChild("\67\50\65\84\84\65\67\72"):FireServer(unpack(ed)) local ed = { [1] = "\70\82\66\117\111\121", [2] = Vector3.new(-358, 66.93067932128906, -1176.9998779296875) } workspace:WaitForChild("\69\118\101\110\116\115"):WaitForChild("\70\111\108\100\101\114"):WaitForChild("\67\50\65\84\84\65\67\72"):FireServer(unpack(ed)) local ed = { [1] = "\82\76\66\117\111\121", [2] = Vector3.new(-304, 84.93067932128906, -1324.9998779296875) } workspace:WaitForChild("\69\118\101\110\116\115"):WaitForChild("\70\111\108\100\101\114"):WaitForChild("\67\50\65\84\84\65\67\72"):FireServer(unpack(ed)) else if g.Text == "\51" then game.Players.LocalPlayer.Character.HumanoidRootPart.CFrame = CFrame.new(181.111801, 163.594864, -7.93587685, -0.940097094, 0.137040824, -0.312149346, 3.76693166e-08, 0.915644467, 0.401989102, 0.340906739, 0.377908766, -0.860794723) else if g.Text == "\52" then game.Players.LocalPlayer.Character.HumanoidRootPart.CFrame = CFrame.new(-18.1580772, 464.527893, 11.1521931, 0.975591838, -1.23440316e-08, 0.219591722, 8.60663266e-13, 1, 5.6209732e-08, -0.219591722, -5.48375674e-08, 0.975591838) wait(1.5) workspace:WaitForChild("\69\118\101\110\116\115"):WaitForChild("\70\111\108\100\101\114"):WaitForChild("\67\51\65\84\84\65\67\72"):FireServer() local ed = { [1] = Vector3.new(0.45117512345314026, 0.7947700619697571, -0.4059329032897949) } workspace:WaitForChild("\69\118\101\110\116\115"):WaitForChild("\70\111\108\100\101\114"):WaitForChild("\67\51\68"):InvokeServer(unpack(ed)) workspace:WaitForChild("\69\118\101\110\116\115"):WaitForChild("\70\111\108\100\101\114"):WaitForChild("\67\51\70\79\67"):FireServer() end end end end else if game.PlaceId == 6028508797 then if g.Text == "\49" then game.Players.LocalPlayer.Character.HumanoidRootPart.Anchored = true game.Players.LocalPlayer.Character.HumanoidRootPart.CFrame = CFrame.new(-4.2451148, -36.1075516, 7.51292419, -0.986388266, -0.161485299, 0.0309951417, -6.69776767e-08, 0.188497514, 0.982073665, -0.164432973, 0.968705952, -0.185931742) else if g.Text == "\50" then game.Players.LocalPlayer.Character.HumanoidRootPart.Anchored = true game.Players.LocalPlayer.Character.HumanoidRootPart.CFrame = CFrame.new(-205.060043, -49.2973976, 116.248909, -0.922798395, -0.0164485257, -0.384931952, 7.93562336e-08, 0.999088287, -0.0426922292, 0.385283202, -0.0393963493, -0.921957016) end end end end end)
