

game.Players.LocalPlayer.Character.HumanoidRootPart.CFrame = CFrame.new(4634.95264, -56.8403091, -280.554047, 0.88370353, -0.0437202454, 0.466000646, -0.00347273424, 0.994987845, 0.0999354422, -0.468034208, -0.0899315998, 0.879122436)
wait(1)
game.Players.LocalPlayer.Character.HumanoidRootPart.CFrame = CFrame.new(4733.08057, -39.5304375, -209.321228, -0.120966665, -0.0185488891, 0.992483258, -0.00935951155, 0.999802291, 0.017544914, -0.992612422, -0.00716680847, -0.121116355)
wait(1)
game.Players.LocalPlayer.Character.HumanoidRootPart.CFrame = CFrame.new(4593.96045, -0.424309492, -65.5561676, 0.0478995256, -0.16933544, 0.984393775, -0.00842306577, 0.985421479, 0.169922084, -0.998816669, -0.0164308008, 0.0457748994)
wait(1)
game.Players.LocalPlayer.Character.HumanoidRootPart.CFrame = CFrame.new(4448.25586, 44.7272797, -124.038841, 0.953228712, 0.042190671, -0.299290717, -0.0113075189, 0.994494319, 0.104178742, 0.302038282, -0.0959219337, 0.948457599)
wait(1)
game.Players.LocalPlayer.Character.HumanoidRootPart.CFrame = CFrame.new(4516.19287, 37.5837746, -297.611237, -0.957735658, -0.0553435497, 0.282275528, -0.0109487697, 0.9876194, 0.156486601, -0.287441313, 0.146782234, -0.946484268)
wait(1)
game.Players.LocalPlayer.Character.HumanoidRootPart.CFrame = CFrame.new(4682.16846, 39.6394081, -190.164597, -0.848166645, -0.116345286, 0.516795039, -0.01066563, 0.979135811, 0.202926874, -0.529622138, 0.166603848, -0.831711233)
wait(1)
game.Players.LocalPlayer.Character.HumanoidRootPart.CFrame = CFrame.new(4592.61914, 86.0835342, -71.9662628, 0.15656592, -0.0857094303, 0.983941555, -0.0113151455, 0.996006489, 0.0885608569, -0.987602711, -0.0249990541, 0.154970855)
wait(1)
game.Players.LocalPlayer.Character.HumanoidRootPart.CFrame = CFrame.new(4607.34814, 160.864502, -163.504196, 0.973505914, 0.0970719978, -0.207034379, -0.00918134954, 0.921281397, 0.388788223, 0.228477374, -0.376586795, 0.897764146)
wait(1)
game.Players.LocalPlayer.Character.HumanoidRootPart.CFrame = CFrame.new(4464.15771, 185.385773, -259.511627, -0.705811799, -0.155398637, 0.691144645, -0.0106966384, 0.977869332, 0.20894286, -0.708318591, 0.140081421, -0.691854)
wait(1)
game.Players.LocalPlayer.Character.HumanoidRootPart.CFrame = CFrame.new(4587.58252, 275.82193, -256.872833, 0.570831239, -0.0327133462, 0.820415497, -0.0116051324, 0.998784721, 0.0479003191, -0.820985436, -0.0368640274, 0.569757819)
wait(1)
game.Players.LocalPlayer.Character.HumanoidRootPart.CFrame = CFrame.new(4411.24414, 360.749176, -240.284698, -0.938715994, -0.0499832928, -0.3410483, -0.0160976592, 0.994707882, -0.101474337, 0.344315439, -0.089765504, -0.934552848)
wait(1)
game.Players.LocalPlayer.Character.HumanoidRootPart.CFrame = CFrame.new(4411.24414, 360.749176, -240.284698, -0.938715994, -0.0499832928, -0.3410483, -0.0160976592, 0.994707882, -0.101474337, 0.344315439, -0.089765504, -0.934552848)
wait(1)
game.Players.LocalPlayer.Character.HumanoidRootPart.CFrame = CFrame.new(4407.33691, 426.523438, -256.802856, -0.972425461, -0.0160729326, -0.232659325, -0.018306138, 0.999804735, 0.00744247762, 0.23249428, 0.0114963492, -0.972529829)
wait(1)
game.Players.LocalPlayer.Character.HumanoidRootPart.CFrame = CFrame.new(4460.26318, 462.03421, -315.842224, -0.887836516, -0.128730565, 0.441785812, -0.0150333261, 0.967674077, 0.251755685, -0.459913313, 0.216876373, -0.861071646)
wait(1)
game.Players.LocalPlayer.Character.HumanoidRootPart.CFrame = CFrame.new(4447.17188, 488.801239, -300.892151, -0.597863555, -0.11792326, 0.792876601, -0.0167215858, 0.990739584, 0.134742305, -0.80142349, 0.0672993511, -0.594298899)
