game.Players.LocalPlayer.Character.HumanoidRootPart.CFrame = CFrame.new(7960.84424, 1997.29724, 9961.34473, 0.762239099, -3.94615149e-08, 0.647295594, -5.07998621e-08, 1, 1.20784307e-07, -0.647295594, -1.24949054e-07, 0.762239099)
wait(3)
game.Players.LocalPlayer.Character.HumanoidRootPart.CFrame = CFrame.new(9999.44141, 1998.8866, 9966.50195, 0.973192751, -1.50185269e-08, 0.229990929, 1.39899115e-08, 1, 6.10305007e-09, -0.229990929, -2.72189138e-09, 0.973192751)
wait(3)
game.Players.LocalPlayer.Character.HumanoidRootPart.CFrame = CFrame.new(10423.7549, 2002.43494, 9960.87695, -0.94902879, -6.30649097e-08, -0.315189332, -5.94180136e-08, 1, -2.11793498e-08, 0.315189332, -1.37188971e-09, -0.94902879)
wait(3)
game.Players.LocalPlayer.Character.HumanoidRootPart.CFrame = CFrame.new(-10004.6992, 3998.88599, -10032.8594, -0.022471264, 9.06450026e-09, -0.999747515, 6.71426577e-08, 1, 7.55762919e-09, 0.999747515, -6.69558702e-08, -0.022471264)
wait(3)
game.Players.LocalPlayer.Character.HumanoidRootPart.CFrame = CFrame.new(-9603.12598, 4050.38159, -10036.0254, -0.380521446, -7.33994341e-08, -0.924772084, -6.90367408e-09, 1, -7.65295951e-08, 0.924772084, -2.27368275e-08, -0.380521446)
wait(3)
game.Players.LocalPlayer.Character.HumanoidRootPart.CFrame = CFrame.new(-8000.05127, 3998.88599, -10033.4717, 0.99579066, 6.26560848e-08, 0.0916565582, -5.98217227e-08, 1, -3.36710109e-08, -0.0916565582, 2.80462249e-08, 0.99579066)
wait(3)
game.Players.LocalPlayer.Character.HumanoidRootPart.CFrame = CFrame.new(-7603.5708, 4052.99048, -10036.7637, 0.257543206, -0.2067855, -0.943880975, 6.57240449e-08, 0.976832688, -0.214004532, 0.966266811, 0.0551153533, 0.251576632)
wait(3)
game.Players.LocalPlayer.Character.HumanoidRootPart.CFrame = CFrame.new(-6004.76514, 3998.88599, -10033.0215, 0.967669904, -4.7355865e-08, 0.252219975, 3.79571965e-08, 1, 4.2129205e-08, -0.252219975, -3.11936041e-08, 0.967669904)
wait(3)
game.Players.LocalPlayer.Character.HumanoidRootPart.CFrame = CFrame.new(-5601.85889, 4052.03247, -10036.3906, 0.0860799178, -0.0814312547, -0.992954791, -7.686495e-08, 0.996654153, -0.0817346424, 0.99628824, 0.00703578722, 0.0857918933)
wait(3)
game.Players.LocalPlayer.Character.HumanoidRootPart.CFrame = CFrame.new(-4001.84888, 3998.88599, -10034.5098, -0.246819049, 8.61469651e-09, -0.969061613, 2.81617218e-09, 1, 8.17245382e-09, 0.969061613, -7.11926906e-10, -0.246819049)
wait(3)
game.Players.LocalPlayer.Character.HumanoidRootPart.CFrame = CFrame.new(-3575.52246, 4004.49463, -10038.9648, 0.859595716, 0.28040579, -0.427162468, 5.8084324e-09, 0.835975707, 0.548766434, 0.510974705, -0.471717298, 0.718601167)
wait(3)
game.Players.LocalPlayer.Character.HumanoidRootPart.CFrame = CFrame.new(-2000.81531, 3998.88599, -10032.4395, 0.99557817, -4.27143014e-08, 0.0939369276, 4.52051125e-08, 1, -2.43878802e-08, -0.0939369276, 2.85264701e-08, 0.99557817)
wait(3)
game.Players.LocalPlayer.Character.HumanoidRootPart.CFrame = CFrame.new(-1576.7583, 4001.72778, -10040.1758, -0.676083326, 0.00840766169, -0.736777186, -0.040500991, 0.997999132, 0.0485531911, 0.735711217, 0.0626662076, -0.674390018)
wait(3)
game.Players.LocalPlayer.Character.HumanoidRootPart.CFrame = CFrame.new(-1.05161512, 3998.88599, -10033.8623, 0.335555613, -5.15595815e-08, 0.942020416, 2.2691923e-08, 1, 4.6649923e-08, -0.942020416, 5.72261172e-09, 0.335555613)
wait(3)
game.Players.LocalPlayer.Character.HumanoidRootPart.CFrame = CFrame.new(424.084015, 4002.91431, -10039.4775, -0.882002532, -0.0362231433, -0.469850451, -0.0424201787, 0.999096453, 0.00260570319, 0.469331533, 0.0222293772, -0.882742167)
wait(3)
game.Players.LocalPlayer.Character.HumanoidRootPart.CFrame = CFrame.new(2002.23132, 3998.88599, -10033.9102, -0.387465984, -6.52090719e-08, -0.921884, 1.23553114e-08, 1, -7.59274883e-08, 0.921884, -4.0809482e-08, -0.387465984)
wait(3)
game.Players.LocalPlayer.Character.HumanoidRootPart.CFrame = CFrame.new(1999.99353, 4004.40308, -10136.3564, 0.994822383, -7.28059248e-08, -0.101628877, 6.93441962e-08, 1, -3.75952816e-08, 0.101628877, 3.03532559e-08, 0.994822383)
wait(0.5)
game.Players.LocalPlayer.Character.HumanoidRootPart.CFrame = CFrame.new(2000.45154, 4032.20728, -10306.7744, 0.994822383, -7.28059248e-08, -0.101628877, 6.93441962e-08, 1, -3.75952816e-08, 0.101628877, 3.03532559e-08, 0.994822383)
wait(0.5)
game.Players.LocalPlayer.Character.HumanoidRootPart.CFrame = CFrame.new(1993.44141, 4135.35596, -10513.6953, 0.994822383, -7.28059248e-08, -0.101628877, 6.93441962e-08, 1, -3.75952816e-08, 0.101628877, 3.03532559e-08, 0.994822383)
wait(0.5)
game.Players.LocalPlayer.Character.HumanoidRootPart.CFrame = CFrame.new(2042.13733, 4066.93408, -10676.2412, 0.994822383, -7.28059248e-08, -0.101628877, 6.93441962e-08, 1, -3.75952816e-08, 0.101628877, 3.03532559e-08, 0.994822383)
wait(0.5)
game.Players.LocalPlayer.Character.HumanoidRootPart.CFrame = CFrame.new(2151.06079, 4061.68823, -10708.0449, 0.994822383, -7.28059248e-08, -0.101628877, 6.93441962e-08, 1, -3.75952816e-08, 0.101628877, 3.03532559e-08, 0.994822383)
wait(0.5)
game.Players.LocalPlayer.Character.HumanoidRootPart.CFrame = CFrame.new(2269.96655, 4056.28857, -10693.6436, 0.994822383, -7.28059248e-08, -0.101628877, 6.93441962e-08, 1, -3.75952816e-08, 0.101628877, 3.03532559e-08, 0.994822383)
wait(0.5)
game.Players.LocalPlayer.Character.HumanoidRootPart.CFrame = CFrame.new(2364.6687, 4061.50391, -10573.3838, 0.994822383, -7.28059248e-08, -0.101628877, 6.93441962e-08, 1, -3.75952816e-08, 0.101628877, 3.03532559e-08, 0.994822383)
wait(0.5)
game.Players.LocalPlayer.Character.HumanoidRootPart.CFrame = CFrame.new(2367.72412, 4059.18848, -10350.6621, 0.994822383, -7.28059248e-08, -0.101628877, 6.93441962e-08, 1, -3.75952816e-08, 0.101628877, 3.03532559e-08, 0.994822383)
wait(0.5)
game.Players.LocalPlayer.Character.HumanoidRootPart.CFrame = CFrame.new(2414.82056, 4107.62744, -10234.5166, 0.994822383, -7.28059248e-08, -0.101628877, 6.93441962e-08, 1, -3.75952816e-08, 0.101628877, 3.03532559e-08, 0.994822383)
-- Hi
wait(0.5)
game.Players.LocalPlayer.Character.HumanoidRootPart.CFrame = CFrame.new(2407.84033, 4033.79785, -10116.4619, 0.994822383, -7.28059248e-08, -0.101628877, 6.93441962e-08, 1, -3.75952816e-08, 0.101628877, 3.03532559e-08, 0.994822383)
wait(0.5)
game.Players.LocalPlayer.Character.HumanoidRootPart.CFrame = CFrame.new(2422.13721, 4004.41479, -10039.71, 0.994822383, -7.28059248e-08, -0.101628877, 6.93441962e-08, 1, -3.75952816e-08, 0.101628877, 3.03532559e-08, 0.994822383)
