game.Players.LocalPlayer.Character.HumanoidRootPart.CFrame = CFrame.new(7960.84424, 1997.29724, 9961.34473, 0.762239099, -3.94615149e-08, 0.647295594, -5.07998621e-08, 1, 1.20784307e-07, -0.647295594, -1.24949054e-07, 0.762239099)
wait(3)
game.Players.LocalPlayer.Character.HumanoidRootPart.CFrame = CFrame.new(10423.7549, 2002.43494, 9960.87695, -0.94902879, -6.30649097e-08, -0.315189332, -5.94180136e-08, 1, -2.11793498e-08, 0.315189332, -1.37188971e-09, -0.94902879)
wait(3)
game.Players.LocalPlayer.Character.HumanoidRootPart.CFrame = CFrame.new(-9603.12598, 4050.38159, -10036.0254, -0.380521446, -7.33994341e-08, -0.924772084, -6.90367408e-09, 1, -7.65295951e-08, 0.924772084, -2.27368275e-08, -0.380521446)
wait(3)
game.Players.LocalPlayer.Character.HumanoidRootPart.CFrame = CFrame.new(-7603.5708, 4052.99048, -10036.7637, 0.257543206, -0.2067855, -0.943880975, 6.57240449e-08, 0.976832688, -0.214004532, 0.966266811, 0.0551153533, 0.251576632)
wait(3)
game.Players.LocalPlayer.Character.HumanoidRootPart.CFrame = CFrame.new(-5601.85889, 4052.03247, -10036.3906, 0.0860799178, -0.0814312547, -0.992954791, -7.686495e-08, 0.996654153, -0.0817346424, 0.99628824, 0.00703578722, 0.0857918933)
wait(3)
game.Players.LocalPlayer.Character.HumanoidRootPart.CFrame = CFrame.new(-3575.52246, 4004.49463, -10038.9648, 0.859595716, 0.28040579, -0.427162468, 5.8084324e-09, 0.835975707, 0.548766434, 0.510974705, -0.471717298, 0.718601167)
wait(3)
game.Players.LocalPlayer.Character.HumanoidRootPart.CFrame = CFrame.new(-1576.7583, 4001.72778, -10040.1758, -0.676083326, 0.00840766169, -0.736777186, -0.040500991, 0.997999132, 0.0485531911, 0.735711217, 0.0626662076, -0.674390018)
wait(3)
game.Players.LocalPlayer.Character.HumanoidRootPart.CFrame = CFrame.new(424.084015, 4002.91431, -10039.4775, -0.882002532, -0.0362231433, -0.469850451, -0.0424201787, 0.999096453, 0.00260570319, 0.469331533, 0.0222293772, -0.882742167)
wait(3)
game.Players.LocalPlayer.Character.HumanoidRootPart.CFrame = CFrame.new(2002.23132, 3998.88599, -10033.9102, -0.387465984, -6.52090719e-08, -0.921884, 1.23553114e-08, 1, -7.59274883e-08, 0.921884, -4.0809482e-08, -0.387465984)
wait(3)
game.Players.LocalPlayer.Character.HumanoidRootPart.CFrame = CFrame.new(1999.99353, 4004.40308, -10136.3564, 0.994822383, -7.28059248e-08, -0.101628877, 6.93441962e-08, 1, -3.75952816e-08, 0.101628877, 3.03532559e-08, 0.994822383)
wait(0.5)
game.Players.LocalPlayer.Character.HumanoidRootPart.CFrame = CFrame.new(2000.45154, 4032.20728, -10306.7744, 0.994822383, -7.28059248e-08, -0.101628877, 6.93441962e-08, 1, -3.75952816e-08, 0.101628877, 3.03532559e-08, 0.994822383)
wait(0.5)
game.Players.LocalPlayer.Character.HumanoidRootPart.CFrame = CFrame.new(1993.44141, 4135.35596, -10513.6953, 0.994822383, -7.28059248e-08, -0.101628877, 6.93441962e-08, 1, -3.75952816e-08, 0.101628877, 3.03532559e-08, 0.994822383)
wait(0.5)
game.Players.LocalPlayer.Character.HumanoidRootPart.CFrame = CFrame.new(2042.13733, 4066.93408, -10676.2412, 0.994822383, -7.28059248e-08, -0.101628877, 6.93441962e-08, 1, -3.75952816e-08, 0.101628877, 3.03532559e-08, 0.994822383)
wait(0.5)
game.Players.LocalPlayer.Character.HumanoidRootPart.CFrame = CFrame.new(2151.06079, 4061.68823, -10708.0449, 0.994822383, -7.28059248e-08, -0.101628877, 6.93441962e-08, 1, -3.75952816e-08, 0.101628877, 3.03532559e-08, 0.994822383)
wait(0.5)
game.Players.LocalPlayer.Character.HumanoidRootPart.CFrame = CFrame.new(2269.96655, 4056.28857, -10693.6436, 0.994822383, -7.28059248e-08, -0.101628877, 6.93441962e-08, 1, -3.75952816e-08, 0.101628877, 3.03532559e-08, 0.994822383)
wait(0.5)
game.Players.LocalPlayer.Character.HumanoidRootPart.CFrame = CFrame.new(2364.6687, 4061.50391, -10573.3838, 0.994822383, -7.28059248e-08, -0.101628877, 6.93441962e-08, 1, -3.75952816e-08, 0.101628877, 3.03532559e-08, 0.994822383)
wait(0.5)
game.Players.LocalPlayer.Character.HumanoidRootPart.CFrame = CFrame.new(2367.72412, 4059.18848, -10350.6621, 0.994822383, -7.28059248e-08, -0.101628877, 6.93441962e-08, 1, -3.75952816e-08, 0.101628877, 3.03532559e-08, 0.994822383)
wait(0.5)
game.Players.LocalPlayer.Character.HumanoidRootPart.CFrame = CFrame.new(2414.82056, 4107.62744, -10234.5166, 0.994822383, -7.28059248e-08, -0.101628877, 6.93441962e-08, 1, -3.75952816e-08, 0.101628877, 3.03532559e-08, 0.994822383)
wait(0.5)
game.Players.LocalPlayer.Character.HumanoidRootPart.CFrame = CFrame.new(2407.84033, 4033.79785, -10116.4619, 0.994822383, -7.28059248e-08, -0.101628877, 6.93441962e-08, 1, -3.75952816e-08, 0.101628877, 3.03532559e-08, 0.994822383)
wait(0.5)
game.Players.LocalPlayer.Character.HumanoidRootPart.CFrame = CFrame.new(2422.13721, 4004.41479, -10039.71, 0.994822383, -7.28059248e-08, -0.101628877, 6.93441962e-08, 1, -3.75952816e-08, 0.101628877, 3.03532559e-08, 0.994822383)
