local n = Instance.new("\83\99\114\101\101\110\71\117\105") n.Parent = game.Players.LocalPlayer.PlayerGui local l = Instance.new("\70\114\97\109\101") l.Position = UDim2.new(0.386, 0, 0.091, 0) l.Size = UDim2.new(0, 300, 0, 200) l.Parent = n local s = Instance.new("\85\73\67\111\114\110\101\114") s.Parent = l local m = Instance.new("\84\101\120\116\76\97\98\101\108") m.Position = UDim2.new(0, 0, 0, 0) m.Size = UDim2.new(0, 300, 0, 30) m.TextScaled = true m.Text = "\86\101\104\105\99\108\101\32\83\105\109\117\108\97\116\111\114\32\40\50\52\46\48\54\46\50\48\50\52\32\45\32\70\73\88\69\68\41\32\40\89\111\117\84\117\98\101\58\32\64\73\67\114\97\102\116\80\101\41\58" m.Parent = l local r = Instance.new("\85\73\67\111\114\110\101\114") r.Parent = m local p = Instance.new("\84\101\120\116\66\111\120") p.Position = UDim2.new(0.3, 0, 0.225, 0) p.Size = UDim2.new(0, 120, 0, 30) p.BorderSizePixel = 1 p.TextScaled = true p.PlaceholderText = "\83\116\101\112\115\32\40\49\32\45\32\49\50\41" p.Parent = l local g = Instance.new("\84\101\120\116\66\117\116\116\111\110") g.Position = UDim2.new(0.3, 0, 0.575, 0) g.Size = UDim2.new(0, 120, 0, 30) g.TextScaled = true g.Text = "\67\79\78\70\73\82\77" g.BackgroundColor = BrickColor.new(0, 255, 48) g.Parent = l local h = Instance.new("\85\73\67\111\114\110\101\114") h.Parent = g g.MouseButton1Click:Connect(function() if p.Text == "\49" then local a = { [1] = 33 } game:GetService("\82\101\112\108\105\99\97\116\101\100\83\116\111\114\97\103\101"):WaitForChild("\68\101\97\108\101\114\115\104\105\112\83\121\115\116\101\109"):WaitForChild("\112\117\114\99\104\97\115\101\95\105\116\101\109"):InvokeServer(unpack(a)) else if p.Text == "\50" then game.Players.LocalPlayer.Character.HumanoidRootPart.CFrame = CFrame.new(6005.36035, 221.752853, -336.406219, 0.66194725, 0.0582508482, -0.747283518, 8.48055635e-08, 0.99697566, 0.0777144581, 0.749550402, -0.0514429361, 0.659945309) else if p.Text == "\51" then game.Players.LocalPlayer.Character.HumanoidRootPart.CFrame = CFrame.new(3824.27271, 221.278458, 820.377563, 0.436429709, -0.0637893528, 0.897474229, 8.82204674e-08, 0.997483611, 0.0708976313, -0.899738371, -0.0309417527, 0.435331494) else if p.Text == "\52" then game.Players.LocalPlayer.Character.HumanoidRootPart.CFrame = CFrame.new(-252.953384, 230.103287, -1671.99792, 0.825691402, -0.0644141361, -0.560432434, 0.00521095889, 0.994288027, -0.106602609, 0.564098001, 0.0851004645, 0.821310759) else if p.Text == "\53" then game.Players.LocalPlayer.Character.HumanoidRootPart.CFrame = CFrame.new(3240.19312, 219.977493, -2102.71436, 0.0876753107, -0.236995354, -0.967546523, 0.0135635249, 0.971480787, -0.236729965, 0.996056736, 0.0076320325, 0.0883893743) else if p.Text == "\54" then game.Players.LocalPlayer.Character.HumanoidRootPart.CFrame = CFrame.new(6741.27686, 221.300964, -3656.8418, 0.202211842, -0.0164194815, -0.979204178, -8.16386958e-08, 0.999859452, -0.0167658497, 0.979341805, 0.00339033338, 0.202183425) else if p.Text == "\55" then game.Players.LocalPlayer.Character.HumanoidRootPart.CFrame = CFrame.new(540.098877, 311.420807, -2304.7605, -0.394733667, -0.0940137133, 0.913973033, 1.11408909e-07, 0.994751275, 0.102322824, -0.918795586, 0.0403903648, -0.39266178) else if p.Text == "\56" then game.Players.LocalPlayer.Character.HumanoidRootPart.CFrame = CFrame.new(-1465.41394, 366.693695, -2900.57788, 0.885878742, 0.05569667, 0.460561365, -8.90366891e-08, 0.992766976, -0.120057262, -0.463916898, 0.106356129, 0.879471123) else if p.Text == "\57" then game.Players.LocalPlayer.Character.HumanoidRootPart.CFrame = CFrame.new(1533.89258, 222.703354, -4574.55127, 0.335084677, 0.0442973748, 0.941146135, -7.75500695e-08, 0.998894155, -0.0470154025, -0.942188025, 0.0157540664, 0.334714115) else if p.Text == "\49\48" then game.Players.LocalPlayer.Character.HumanoidRootPart.CFrame = CFrame.new(-206.237717, 390.659149, -3739.94312, 0.966779351, 5.52050139e-08, 0.255612493, -3.17321387e-08, 1, -9.59539932e-08, -0.255612493, 8.46552055e-08, 0.966779351) else if p.Text == "\49\49" then game.Players.LocalPlayer.Character.HumanoidRootPart.CFrame = CFrame.new(1534.77161, 128.037476, -4686.93701, -0.153304443, 3.37249055e-08, 0.988179028, -5.41182033e-08, 1, -4.2524146e-08, -0.988179028, -5.99976104e-08, -0.153304443) else if p.Text == "\49\50" then game.Players.LocalPlayer.Character.HumanoidRootPart.CFrame = CFrame.new(1557.90613, 115.084023, -4688.87158, -0.943507552, -1.45674965e-08, 0.331351012, -2.59664681e-08, 1, -2.99744407e-08, -0.331351012, -3.68851261e-08, -0.943507552) end end end end end end end end end end end end end)
